[Stack-of-books6.jpg]
moddate=e8871dbcbc84cf01
width=800
height=388
text=1;154;25;LIBRARY MANAGEMENT SYSTEM;Comic Sans MS;0.111825,0.429741,0.091135,6.283185;v1,4291064632,4294967295,128.000000,1.000000,0.500000,1.000000,700,2,49160;;
textactive=1
[images (3) - Copy.jpg]
moddate=d3d9e19cbf84cf01
width=275
height=183
text=1;139;10;ADMIN PAGE;Comic Sans MS;0.238734,0.173525,0.102690,0.000000;v1,4291064632,4294955348,128.000000,1.000000,0.500000,1.000000,700,2,49160;;
textactive=1
